2.470497122786420334e+02
2.461863691191659882e+02
2.451258608848978895e+02
2.439064386987854220e+02
2.425768892402408881e+02
2.411936311357237344e+02
2.398186950447647234e+02
2.385098075845950518e+02
2.373150841799084390e+02
2.362801511292412897e+02
2.354386019135587560e+02
2.348219655302232809e+02
2.344395124181441190e+02
2.343017185189841598e+02
2.344071624265222624e+02
2.347481935186543751e+02
2.353121310079463626e+02
2.360638042443263203e+02
2.369779526683053064e+02
2.380090580563270066e+02
2.391083039734903366e+02
2.402254618486555273e+02
2.413091489962494052e+02
2.423132888870124759e+02
2.431997165140982418e+02
2.439413488581188858e+02
2.445214963440448344e+02
2.449350168659108249e+02
2.451912366910719641e+02
2.453126039732652259e+02
2.453331714278225775e+02
2.452918237613497183e+02
2.452265669484217483e+02
2.451833240849913125e+02
2.451818931541822337e+02
2.452581373087141117e+02
2.454168203142316429e+02
2.456646373482728620e+02
2.459950179899672094e+02
2.463938507011237391e+02
2.468394514112392812e+02
2.472891689439143192e+02
2.477049562767036832e+02
2.480419346478122122e+02
2.482484873513589037e+02
2.482796032204364565e+02
2.481008322921568379e+02
2.476922510206637469e+02
